5 3 0 0
0.21286 0 0 0
0.35994 0.21338 -0.20203 -0.24521
0.05428 0.0012201 0.00028276 -3.0086e-05
0.0012201 0.00042806 -7.9978e-05 -0.00013101
0.00028276 -7.9978e-05 9.2286e-05 3.403e-05
-3.0086e-05 -0.00013101 3.403e-05 0.00014128
0.13248 0 0 0
1.709 0.43312 -0.18272 -0.18114
0.091212 0.011922 0.00067016 0.0040696
0.011922 0.0023593 -0.00024944 0.00086649
0.00067016 -0.00024944 0.00027575 -0.0001076
0.0040696 0.00086649 -0.0001076 0.00036952
0.2211 0 0 0
2.3315 0.49829 -0.16378 -0.15749
0.095396 0.0049644 0.00055118 0.0021295
0.0049644 0.0012949 -0.00018049 0.00044772
0.00055118 -0.00018049 8.6909e-05 -3.287e-05
0.0021295 0.00044772 -3.287e-05 0.00027175
0.26662 0 0 0
1.1349 0.30655 -0.19083 -0.22086
0.1109 0.019374 0.0023289 0.0037002
0.019374 0.0046375 0.00026892 0.00061939
0.0023289 0.00026892 0.00016744 0.00014533
0.0037002 0.00061939 0.00014533 0.00028346
0.16693 0 0 0
2.9482 0.5114 -0.17406 -0.15531
0.1205 -0.0011527 0.0035189 -0.00062483
-0.0011527 0.00055177 -0.00018971 0.00015752
0.0035189 -0.00018971 0.00031313 -7.7086e-05
-0.00062483 0.00015752 -7.7086e-05 9.6847e-05
