10 3 0 0
0.096607 0 0 0
0.25737 0.24008 -0.20725 -0.1713
0.0008151 0.00031821 8.0157e-05 0.00027555
0.00031821 0.00044831 -0.00015343 -6.7975e-05
8.0157e-05 -0.00015343 0.00018887 0.00010853
0.00027555 -6.7975e-05 0.00010853 0.00046295
0.089421 0 0 0
0.44218 0.34068 -0.19055 -0.068997
0.00068208 0.00039445 6.9358e-05 0.00043942
0.00039445 0.00025657 3.1787e-05 0.00024925
6.9358e-05 3.1787e-05 2.5385e-05 4.9302e-05
0.00043942 0.00024925 4.9302e-05 0.00031455
0.095808 0 0 0
0.6258 0.4343 -0.17375 0.049646
0.00078023 0.0003044 5.7419e-05 0.0004434
0.0003044 0.00014118 1.6442e-05 0.00016943
5.7419e-05 1.6442e-05 2.01e-05 3.5812e-05
0.0004434 0.00016943 3.5812e-05 0.00027798
0.10379 0 0 0
0.15709 0.20613 -0.21218 -0.20191
0.00092876 0.00017513 6.0132e-05 0.00013245
0.00017513 0.00058384 -0.00030869 -0.00028643
6.0132e-05 -0.00030869 0.00031097 0.00014911
0.00013245 -0.00028643 0.00014911 0.00066879
0.091417 0 0 0
0.35151 0.28779 -0.19945 -0.12496
0.00072241 0.00038935 7.4798e-05 0.00038209
0.00038935 0.00033422 -2.4675e-05 0.00014607
7.4798e-05 -2.4675e-05 7.7653e-05 6.8749e-05
0.00038209 0.00014607 6.8749e-05 0.00034115
0.090619 0 0 0
0.53241 0.39132 -0.18168 -0.0088953
0.00069872 0.00036054 6.4216e-05 0.00045561
0.00036054 0.00020148 3.2071e-05 0.00023706
6.4216e-05 3.2071e-05 1.7412e-05 4.3179e-05
0.00045561 0.00023706 4.3179e-05 0.00031451
0.10299 0 0 0
0.7254 0.46567 -0.16754 0.099482
0.00089939 0.00021289 4.3575e-05 0.00036713
0.00021289 6.9091e-05 5.8903e-06 8.3911e-05
4.3575e-05 5.8903e-06 1.6434e-05 2.0015e-05
0.00036713 8.3911e-05 2.0015e-05 0.00017121
0.11377 0 0 0
0.944 0.48881 -0.16248 0.14465
0.0010946 1.4432e-05 3.627e-06 3.6062e-05
1.4432e-05 1.0257e-05 4.0573e-08 5.5238e-07
3.627e-06 4.0573e-08 1.003e-05 1.4953e-07
3.6062e-05 5.5238e-07 1.4953e-07 1.1444e-05
0.10978 0 0 0
0.832 0.48321 -0.16379 0.13228
0.0010198 9.8631e-05 2.2373e-05 0.00020543
9.8631e-05 2.1403e-05 1.3286e-06 1.9621e-05
2.2373e-05 1.3286e-06 1.1345e-05 5.031e-06
0.00020543 1.9621e-05 5.031e-06 5.4348e-05
0.10579 0 0 0
0.05203 0.19273 -0.21417 -0.21335
0.00095097 2.3399e-05 1.5911e-05 1.1293e-05
2.3399e-05 0.00066839 -0.0003902 -0.00037783
1.5911e-05 -0.0003902 0.00037268 0.00016909
1.1293e-05 -0.00037783 0.00016909 0.00079574
