4 3 0 0
0.26986 0 0 0
0.13424 0.20665 -0.21214 -0.20123
0.0061172 0.0011359 0.00019086 0.00098155
0.0011359 0.00079291 -0.00028324 -0.0001064
0.00019086 -0.00028324 0.00031706 0.00017493
0.00098155 -0.0001064 0.00017493 0.0008347
0.23433 0 0 0
0.6144 0.42687 -0.17506 0.040662
0.0046083 0.0018786 0.00035373 0.0026856
0.0018786 0.00079439 0.00014137 0.0011004
0.00035373 0.00014137 4.1633e-05 0.00020973
0.0026856 0.0011004 0.00020973 0.0015938
0.22715 0 0 0
0.38316 0.30673 -0.19625 -0.10444
0.0043402 0.0024639 0.00042316 0.0025763
0.0024639 0.0015021 0.00018833 0.001419
0.00042316 0.00018833 9.9556e-05 0.00027473
0.0025763 0.001419 0.00027473 0.0016506
0.26866 0 0 0
0.8664 0.48378 -0.16363 0.13402
0.0060537 0.0004381 9.8978e-05 0.00090882
0.0004381 4.912e-05 7.4697e-06 7.569e-05
9.8978e-05 7.4697e-06 1.275e-05 1.7548e-05
0.00090882 7.569e-05 1.7548e-05 0.00016837
