5 3 0 0
0.23343 0 0 0
0.57512 0.40145 -0.17839 0.03143
0.013604 0.0060536 0.0010536 0.0072544
0.0060536 0.0027491 0.00049044 0.0032561
0.0010536 0.00049044 0.00015744 0.00061752
0.0072544 0.0032561 0.00061752 0.0042748
0.19819 0 0 0
0.10327 0.2201 -0.21002 -0.23139
0.0042467 0.00025849 4.7529e-05 7.1584e-05
0.00025849 0.00020846 1.8455e-05 -3.5262e-05
4.7529e-05 1.8455e-05 6.4212e-05 -2.6834e-05
7.1584e-05 -3.5262e-05 -2.6834e-05 0.00015059
0.12112 0 0 0
0.38495 0.30332 -0.19795 -0.13884
0.0090121 0.0044903 0.00070898 0.0057856
0.0044903 0.0023368 0.00037654 0.002918
0.00070898 0.00037654 0.0001059 0.00039495
0.0057856 0.002918 0.00039495 0.0043346
0.16789 0 0 0
0.35445 0.3287 -0.19749 -0.077642
0.018719 0.010662 0.0011162 0.014541
0.010662 0.0062187 0.00061549 0.0083784
0.0011162 0.00061549 0.00011683 0.00079457
0.014541 0.0083784 0.00079457 0.011641
0.27937 0 0 0
0.85604 0.49034 -0.16896 0.13898
0.0079785 0.0002873 0.00016339 0.00052051
0.0002873 8.4649e-05 -3.7915e-05 3.2436e-05
0.00016339 -3.7915e-05 8.0512e-05 1.5464e-05
0.00052051 3.2436e-05 1.5464e-05 0.00011384
